	X увеличивается вниз, Y увеличивается вправо
	После номера задания указан интервал

#67 1-2
1.000	1.000	1.000	1.000	1.000	1.000	1.000	1.000	1.000	1.000	1.000	1.000	1.000	1.000	1.000	1.000	1.000	1.000	1.000	1.000	1.000	
1.000	0.900	0.800	0.700	0.600	0.500	0.400	0.300	0.200	0.100	0.000	-0.100	-0.200	-0.300	-0.400	-0.500	-0.600	-0.700	-0.800	-0.900	-1.000	
1.000	0.818	0.655	0.509	0.382	0.273	0.182	0.109	0.055	0.018	0.000	0.000	0.018	0.055	0.109	0.182	0.273	0.382	0.509	0.655	0.818	
1.000	0.750	0.545	0.382	0.255	0.159	0.091	0.045	0.018	0.005	0.000	0.000	0.000	-0.005	-0.018	-0.045	-0.091	-0.159	-0.255	-0.382	-0.545	
1.000	0.692	0.462	0.294	0.176	0.098	0.049	0.021	0.007	0.001	0.000	0.000	0.000	0.000	0.001	0.007	0.021	0.049	0.098	0.176	0.294	
1.000	0.643	0.396	0.231	0.126	0.063	0.028	0.010	0.003	0.000	0.000	0.000	0.000	0.000	-0.000	-0.000	-0.003	-0.010	-0.028	-0.063	-0.126	
1.000	0.600	0.343	0.185	0.092	0.042	0.017	0.006	0.001	0.000	0.000	0.000	0.000	0.000	-0.000	0.000	0.000	0.001	0.006	0.017	0.042	
1.000	0.562	0.300	0.150	0.069	0.029	0.010	0.003	0.001	0.000	0.000	0.000	0.000	0.000	-0.000	0.000	0.000	-0.000	-0.001	-0.003	-0.010	
1.000	0.529	0.265	0.124	0.053	0.020	0.007	0.002	0.000	0.000	0.000	0.000	0.000	0.000	-0.000	0.000	0.000	0.000	0.000	0.000	0.002	
1.000	0.500	0.235	0.103	0.041	0.015	0.005	0.001	0.000	0.000	0.000	0.000	0.000	0.000	-0.000	0.000	0.000	0.000	0.000	-0.000	-0.000	
1.000	0.474	0.211	0.087	0.033	0.011	0.003	0.001	0.000	0.000	0.000	0.000	0.000	0.000	-0.000	0.000	0.000	0.000	0.000	0.000	0.000	


#68
1.000	1.000	1.000	1.000	1.000	1.000	1.000	1.000	1.000	1.000	1.000	1.000	1.000	1.000	1.000	1.000	1.000	1.000	1.000	1.000	1.000	
1.000	-1.100	-1.200	-1.300	-1.400	-1.500	-1.600	-1.700	-1.800	-1.900	-2.000	-2.100	-2.200	-2.300	-2.400	-2.500	-2.600	-2.700	-2.800	-2.900	-3.000	
1.000	1.200	1.418	1.655	1.909	2.182	2.473	2.782	3.109	3.455	3.818	4.200	4.600	5.018	5.455	5.909	6.382	6.873	7.382	7.909	8.455	
1.000	-1.300	-1.655	-2.068	-2.545	-3.091	-3.709	-4.405	-5.182	-6.045	-7.000	-8.050	-9.200	-10.455	-11.818	-13.295	-14.891	-16.609	-18.455	-20.432	-22.545	
1.000	1.400	1.909	2.545	3.329	4.280	5.421	6.776	8.371	10.231	12.385	14.862	17.692	20.909	24.545	28.636	33.218	38.329	44.007	50.294	57.231	
1.000	-1.500	-2.182	-3.091	-4.280	-5.808	-7.744	-10.164	-13.154	-16.808	-21.231	-26.538	-32.857	-40.325	-49.091	-59.318	-71.182	-84.871	-100.587	-118.549	-138.989	
1.000	1.600	2.473	3.709	5.421	7.744	10.842	14.908	20.169	26.892	35.385	46.000	59.143	75.273	94.909	118.636	147.109	181.057	221.292	268.712	324.308	
1.000	-1.700	-2.782	-4.405	-6.776	-10.164	-14.908	-21.430	-30.254	-42.019	-57.500	-77.625	-103.500	-136.432	-177.955	-229.858	-294.218	-373.431	-470.246	-587.808	-729.692	
1.000	1.800	3.109	5.182	8.371	13.154	20.169	30.254	44.491	64.265	91.324	127.853	176.559	240.762	324.505	432.674	571.129	746.862	968.154	1244.769	1588.154	
1.000	-1.900	-3.455	-6.045	-10.231	-16.808	-26.892	-42.019	-64.265	-96.397	-142.059	-205.985	-294.265	-414.646	-576.898	-793.235	-1078.800	-1452.231	-1936.308	-2558.692	-3352.769	
1.000	2.000	3.818	7.000	12.385	21.231	35.385	57.500	91.324	142.059	216.827	325.240	480.116	698.351	1001.981	1419.474	1987.263	2751.595	3770.704	5117.385	6882.000	


#72 1-2
1.000	1.000	1.000	1.000	1.000	1.000	1.000	1.000	1.000	1.000	1.000	1.000	1.000	1.000	1.000	1.000	1.000	1.000	1.000	1.000	1.000	
1.000	2.216	2.344	2.485	2.641	2.814	3.004	3.215	3.448	3.706	3.990	4.305	4.652	5.036	5.461	5.930	6.448	7.021	7.655	8.354	9.128	
1.000	4.340	4.820	5.380	6.033	6.797	7.694	8.749	9.992	11.462	13.201	15.265	17.719	20.642	24.130	28.301	33.294	39.283	46.475	55.125	65.541	
1.000	7.763	9.010	10.535	12.407	14.717	17.582	21.152	25.621	31.244	38.347	47.362	58.849	73.546	92.422	116.754	148.226	189.068	242.229	311.628	402.467	
1.000	12.924	15.617	19.053	23.474	29.201	36.678	46.510	59.533	76.904	100.236	131.784	174.717	233.511	314.504	426.718	583.028	801.883	1109.797	1544.990	2162.709	
1.000	20.291	25.435	32.272	41.447	53.883	70.907	94.440	127.291	173.587	239.445	333.988	470.914	670.926	965.498	1402.760	2056.726	3041.797	4535.679	6815.691	10316.493	
1.000	30.331	39.324	51.723	69.027	93.477	128.451	179.099	253.346	363.509	528.906	780.123	1166.020	1765.316	2705.895	4197.164	6584.626	10442.445	16731.307	27069.023	44196.606	
1.000	43.494	58.163	79.081	109.346	153.782	219.991	320.108	473.733	712.915	1090.683	1695.787	2678.463	4295.806	6992.455	11545.250	19324.727	32771.456	56270.164	97765.000	171763.944	
1.000	60.192	82.816	116.097	165.878	241.610	358.801	543.277	838.677	1319.804	2116.719	3458.742	5755.756	9750.205	16804.389	29449.396	52444.741	94844.174	174061.058	323940.642	610924.732	
1.000	80.784	114.103	164.541	242.338	364.648	560.685	881.051	1414.884	2321.852	3892.746	6665.894	11654.022	20792.505	37837.071	70185.150	132618.012	255082.754	499063.876	992407.969	2004183.512	
1.000	105.574	152.773	226.137	342.562	531.273	843.782	1372.631	2287.268	3903.930	6824.075	12213.269	22372.400	41926.734	80340.577	157317.802	314574.314	641872.399	1335396.746	2830395.835	6106406.726	


#90 0.5-2
3.000	3.000	3.000	3.000	3.000	3.000	3.000	3.000	3.000	3.000	3.000	3.000	3.000	3.000	3.000	3.000	3.000	3.000	3.000	3.000	3.000	
3.000	9.872	3.307	3.085	3.029	3.010	3.004	3.001	3.001	3.000	3.000	3.000	3.000	3.000	3.000	3.000	3.000	3.000	3.000	3.000	3.000	
3.000	-7.649	3.684	3.176	3.058	3.021	3.007	3.003	3.001	3.000	3.000	3.000	3.000	3.000	3.000	3.000	3.000	3.000	3.000	3.000	3.000	
3.000	-2.757	4.157	3.271	3.088	3.031	3.011	3.004	3.002	3.001	3.000	3.000	3.000	3.000	3.000	3.000	3.000	3.000	3.000	3.000	3.000	
3.000	-1.681	4.770	3.373	3.119	3.042	3.015	3.005	3.002	3.001	3.000	3.000	3.000	3.000	3.000	3.000	3.000	3.000	3.000	3.000	3.000	
3.000	-1.209	5.596	3.481	3.150	3.052	3.019	3.007	3.003	3.001	3.000	3.000	3.000	3.000	3.000	3.000	3.000	3.000	3.000	3.000	3.000	
3.000	-0.944	6.767	3.597	3.181	3.063	3.023	3.008	3.003	3.001	3.000	3.000	3.000	3.000	3.000	3.000	3.000	3.000	3.000	3.000	3.000	
3.000	-0.775	8.558	3.720	3.214	3.073	3.026	3.010	3.004	3.001	3.000	3.000	3.000	3.000	3.000	3.000	3.000	3.000	3.000	3.000	3.000	
3.000	-0.657	11.639	3.852	3.247	3.084	3.030	3.011	3.004	3.001	3.001	3.000	3.000	3.000	3.000	3.000	3.000	3.000	3.000	3.000	3.000	
3.000	-0.570	18.185	3.994	3.281	3.095	3.034	3.012	3.005	3.002	3.001	3.000	3.000	3.000	3.000	3.000	3.000	3.000	3.000	3.000	3.000	
3.000	-0.503	41.555	4.146	3.315	3.106	3.038	3.014	3.005	3.002	3.001	3.000	3.000	3.000	3.000	3.000	3.000	3.000	3.000	3.000	3.000	
3.000	-0.451	-145.724	4.311	3.350	3.117	3.042	3.015	3.006	3.002	3.001	3.000	3.000	3.000	3.000	3.000	3.000	3.000	3.000	3.000	3.000	
3.000	-0.408	-26.463	4.489	3.386	3.128	3.046	3.017	3.006	3.002	3.001	3.000	3.000	3.000	3.000	3.000	3.000	3.000	3.000	3.000	3.000	
3.000	-0.373	-14.553	4.683	3.423	3.139	3.049	3.018	3.007	3.002	3.001	3.000	3.000	3.000	3.000	3.000	3.000	3.000	3.000	3.000	3.000	
3.000	-0.343	-10.036	4.894	3.461	3.151	3.053	3.019	3.007	3.003	3.001	3.000	3.000	3.000	3.000	3.000	3.000	3.000	3.000	3.000	3.000	
3.000	-0.318	-7.659	5.126	3.499	3.162	3.057	3.021	3.008	3.003	3.001	3.000	3.000	3.000	3.000	3.000	3.000	3.000	3.000	3.000	3.000	


#71 1-2
6.000	6.000	6.000	6.000	6.000	6.000	6.000	6.000	6.000	6.000	6.000	6.000	6.000	6.000	6.000	6.000	6.000	6.000	6.000	6.000	6.000	
6.000	11.910	11.920	11.930	11.940	11.950	11.960	11.970	11.980	11.990	12.000	12.010	12.020	12.030	12.040	12.050	12.060	12.070	12.080	12.090	12.100	
6.000	23.729	23.758	23.787	23.816	23.845	23.875	23.904	23.933	23.962	23.991	24.020	24.049	24.078	24.107	24.136	24.165	24.195	24.224	24.253	24.282	
6.000	47.367	47.433	47.500	47.566	47.633	47.699	47.766	47.832	47.899	47.965	48.032	48.098	48.165	48.231	48.298	48.364	48.431	48.497	48.564	48.630	
6.000	94.641	94.781	94.922	95.063	95.204	95.344	95.485	95.626	95.767	95.907	96.048	96.189	96.329	96.470	96.611	96.752	96.892	97.033	97.174	97.314	
6.000	189.189	189.477	189.766	190.054	190.343	190.632	190.920	191.209	191.497	191.786	192.074	192.363	192.652	192.940	193.229	193.517	193.806	194.095	194.383	194.672	
6.000	378.284	378.868	379.452	380.035	380.619	381.203	381.787	382.371	382.955	383.538	384.122	384.706	385.290	385.874	386.458	387.041	387.625	388.209	388.793	389.377	
6.000	756.474	757.648	758.822	759.996	761.170	762.344	763.518	764.691	765.865	767.039	768.213	769.387	770.561	771.735	772.909	774.083	775.257	776.431	777.605	778.779	
6.000	1512.854	1515.208	1517.561	1519.915	1522.269	1524.623	1526.976	1529.330	1531.684	1534.038	1536.391	1538.745	1541.099	1543.453	1545.806	1548.160	1550.514	1552.868	1555.221	1557.575	
6.000	3025.613	3030.326	3035.039	3039.752	3044.465	3049.178	3053.891	3058.605	3063.318	3068.031	3072.744	3077.457	3082.170	3086.883	3091.596	3096.309	3101.022	3105.735	3110.448	3115.161	
6.000	6051.131	6060.563	6069.994	6079.426	6088.857	6098.288	6107.720	6117.151	6126.582	6136.014	6145.445	6154.877	6164.308	6173.739	6183.171	6192.602	6202.034	6211.465	6220.896	6230.328	
